entidad_id
10197
10198
10201
10204
10209
10211
10207
10202
22867
146
18729
18813
10215
18831
13881
18728
10216
13362
13363
14038
13815
12975
14240
18788
16387
13915
14282
13608
10233
10241
10242
10219
13217
18820
147
123
23871
18707
10231
18626
18810
18828
13136
17416
13995
18607
10037
14307
16376
10412
15357
18675
10408
10440
18735
13196
13870
13715
14223
14300
12674
10048
10450
16385
10406
13984
10400
10399
10402
10443
10447
10409
10404
10449
10040
14221
18718
14076
16367
13477
13122
17512
13743
13809
13691
10407
18635
13312
13735
10035
18666
14247
88
10041
86
12670
128
13294
13771
14245
13365
17471
13176
13701
13174
14089
17417
13637
17418
10439
10405
13475
14119
14317
13444
10401
14270
14297
18845
113
22865
18840
13501
17593
14066
11816
1682
13752
14131
18696
18849
14207
18815
14275
17409
14180
14208
18844
13709
13132
14236
13284
14037
15356
12667
18630
18686
18641
18712
14241
10444
10038
13135
13656
14288
14034
14264
18731
13165
15327
13639
10630
16368
14093
10697
18689
14214
14106
13218
14025
14062
18665
13270
13285
13895
11287
11069
14065
11612
11282
10953
10517
10954
18710
11026
16389
14238
14262
14265
16382
13937
13773
13767
14277
10311
11073
13208
11978
11979
12209
11768
11499
11734
18717
13672
14233
16383
13963
18673
14112
14285
13599
10479
11995
13210
11707
11380
10457
10049
10304
10308
13904
15325
11789
13034
13026
10105
13035
13252
11630
10599
11239
10050
11911
10808
10617
11615
11790
13041
13048
13033
10357
12203
10742
13562
13636
10520
10938
95
11606
10039
13036
13854
13168
13677
12835
14163
13172
10907
11592
13840
13921
11186
11916
10820
2
10331
11575
13245
11381
11676
13282
13843
13185
13641
18605
14060
14276
10600
10194
13846
10628
13817
11735
10661
11042
14289
11567
17406
17407
13622
17408
17411
11776
16377
12787
14191
18618
13852
13853
14211
11532
13920
18606
13868
13495
14209
15328
13288
182
13648
16386
17403
13761
14185
13169
13299
12797
14003
14215
13711
14059
13188
14190
13746
14227
14198
12771
14120
18822
14195
13200
13844
11714
14231
10939
11164
18694
10713
11328
11479
14305
11135
10332
13521
11548
13671
13939
13309
14304
10927
11549
18636
13190
14292
10944
14271
10601
16394
11044
14237
10481
10852
10295
10455
13766
13611
10618
72
10928
11036
11000
11112
10482
12109
10900
13952
14255
14044
7
5
20860
13170
10714
11199
10602
10837
10370
11085
11322
11996
10662
16378
13830
14007
18796
11230
14303
10893
11323
23875
13286
10056
12165
11398
13155
18617
13992
10057
11736
18834
14018
18741
10458
11146
11587
11373
10427
11981
18791
13296
11486
13979
12868
14032
14175
14199
14182
18847
18779
13164
10687
14006
13167
13416
11037
11276
11760
13281
14234
10451
13139
12815
10106
10821
10430
13760
14121
12822
14078
14040
10347
10465
18790
11480
11550
11982
10572
13151
11655
18789
13147
13987
14130
13972
18805
12812
10196
13977
11496
11600
11311
10901
10059
13314
11076
11551
19857
13143
13145
18634
13741
13417
25879
14202
13884
10139
18733
10170
10137
18693
13902
10130
10129
13178
10358
13718
13628
13149
10147
10142
13357
10135
10149
10811
11399
13702
10152
10151
10153
13311
18719
10174
13764
10154
116
10167
13258
13703
12838
11077
10119
11354
10452
17404
11312
11500
11396
11202
10796
10025
10023
13180
14267
14273
14056
10663
10185
10736
10842
12166
11093
11361
11313
13675
11984
10348
18620
14268
18662
14009
14278
12896
14019
13220
13829
12761
13834
11569
18812
11284
12143
14173
10964
11017
10594
13341
11474
10108
11095
11593
18726
13219
10033
13650
13077
14124
11795
18785
14047
15341
13686
14128
12886
13993
16381
18821
14108
15351
13660
10604
11737
11460
11467
10277
18825
11096
11777
10018
13685
18784
10046
14290
13734
